BLEU-1:0.516880
BLEU-2:0.293009
